564
564
564
640
640
640
640
640
640
640
640
640
640
640
640
640
640
699
699
699
699
699
699
699
699
699
699
699
815
815
815
831
831
831
831
831
831
878
878
965
965
965
965
965
965
965
965
965
965
965
965
965
965
1040
1040
1040
1040
1040
1040
1040
1040
1040
1040
1040
1040
1040
1040
1040
1040
1040
1040
1040
1040
1040
1040
1040
1112
1119
1119
1119
1119
1119
1119
1119
1119
1119
1119
1119
1119
1119
1280
1280
1280
1280
1280
1511
1533
1533
1533
1533
1753
1753
1753
1753
1753
1753
1753
1753
1910
1910
1910
1910
1910
1910
2265
2265
2265
2591
2591
2755
2755
2755
2755
2755
2755
2755
2755
2755
2755
2755
2755
2755
2755
2755
2755
2755
2755
3300
3300
3300
3300
3300
3300
3300
3300
3343
3343
3343
3343
3343
3343
3343
3343
3343
3343
3343
3343
3343
3343
3343
3343
3343
3887
3887
3887
3887
3887
3887
3887
4531
4531
4531
4531
4531
4531
4531
4531
4531
4531
4531
4531
4531
4725
4725
4725
5427
5427
5427
5427
5584
5768
6182
6182
6182
6182
6182
6681
6681
6681
6681
7151
7151
7151
7151
7151
7151
7151
7151
7151
7151
7418
7418
7418
7540
7540
9019
9019
9019
9019
9019
9019
9019
9314
9314
9314
9314
10147
10147
11665
11665
11665
11665
11665
11665
12602
12602
12602
12602
12602
13812
13812
13812
13812
13973
14116
15810
15810
15810
18542
18542
18542
18542
18542
18542
18542
21524
21524
23055
23055
23055
23055
23055
25276
25276
25276
25276
26238
26238
26238
26238
26444
26444
26444
26444
26444
26444
26444
26444
26842
26842
26842
27764
28350
28350
30952
30952
33004
33004
33004
33004
33004
33004
33004
33004
33004
33004
34428
34428
34428
34428
34428
34428
34428
34428
34428
34428
34428
34428
40784
40784
40784
45559
45559
45559
45559
50189
50189
50189
50189
