424
544
559
560
571
616
632
637
638
637
639
639
639
639
636
639
639
637
651
684
693
690
694
698
698
697
698
698
699
709
778
806
814
823
828
827
830
830
833
861
885
933
955
960
963
964
962
961
964
964
962
964
964
964
972
1021
1032
1037
1038
1039
1038
1032
1037
1039
1038
1039
1039
1036
1039
1039
1035
1039
1039
1036
1039
1039
1034
1043
1097
1113
1117
1118
1118
1115
1118
1118
1118
1118
1115
1118
1107
1134
1225
1273
1278
1282
1321
1430
1506
1523
1515
1556
1696
1734
1749
1746
1750
1739
1754
1781
1872
1903
1907
1908
1912
1949
2181
2254
2289
2512
2595
2717
2749
2753
2754
2754
2749
2754
2753
2752
2741
2742
2754
2754
2754
2754
2754
2742
2827
3196
3251
3292
3283
3298
3299
3299
3296
3330
3339
3326
3340
3322
3342
3342
3342
3342
3342
3342
3342
3335
3330
3333
3351
3455
3872
3879
3885
3867
3886
3892
3966
4391
4500
4505
4527
4529
4530
4525
4530
4530
4495
4512
4531
4550
4670
4723
4796
5217
5341
5412
5444
5573
5753
6034
6136
6151
6184
6232
6516
6627
6675
6737
7011
7086
7146
7149
7149
7128
7150
7150
7131
7178
7325
7359
7428
7496
7730
8724
8959
9002
9014
9016
9020
9030
9145
9286
9281
9411
9847
10198
11456
11650
11660
11622
11657
11729
12357
12564
12538
12580
12710
13433
13741
13801
13830
13923
14275
15229
15569
15959
17626
18238
18296
18423
18533
18569
18927
20871
21604
22534
22858
22918
23028
23345
24821
25161
24977
25339
26047
26221
26234
26131
26359
26436
26315
26442
26297
26443
26447
26495
26724
26827
26951
27558
28036
28615
30010
30864
32196
32917
32979
32896
32922
33002
33003
32949
32868
33155
34006
34266
34383
34409
34423
34427
34376
34338
34411
34427
34512
35620
38849
40339
41089
44346
45300
45554
45816
49147
50020
