213
361
554
408
562
592
588
634
638
451
639
639
639
639
362
639
639
338
581
597
689
353
440
698
698
683
698
698
698
515
486
792
809
815
826
599
830
830
596
605
871
638
939
956
962
964
763
703
964
964
849
964
964
964
964
998
872
1035
1038
1039
973
697
931
1039
1018
1039
1039
822
1039
1039
766
1039
1039
747
1039
1039
555
590
929
1083
1117
1118
1118
881
1118
1118
1118
1118
863
1118
610
1033
620
1258
1278
1279
1279
1112
1209
1124
770
1531
1614
1174
1745
1297
1561
1026
1752
1752
1818
1892
1906
1908
1909
1909
2012
2236
1425
1746
2544
2670
2739
2753
2754
2754
2513
2754
2719
2635
1456
1586
2754
2754
2754
2754
2754
1632
2754
2572
1753
3278
1947
3297
3299
3299
2443
3263
3334
1852
3212
2194
3342
3342
3342
3342
3342
3342
3342
2655
2168
2467
3342
2623
3860
3445
3885
2046
3886
3886
2140
4037
4285
3010
4523
4529
4530
4098
4530
4530
2504
2950
4530
4530
4591
4701
2691
4980
3893
5384
5422
4627
5592
5856
4841
4062
6176
6180
6331
6556
6647
6680
4069
4339
7142
7148
7149
4966
7150
7150
5032
6215
4267
4848
7405
4658
6372
8415
8892
8978
9009
9016
9018
6691
4805
9249
5770
9311
9324
6560
11151
11634
11657
7565
10048
6626
11956
10573
8940
9518
9587
10471
13622
13786
13803
9434
14019
14701
10066
9853
11947
17914
10007
9962
18525
18538
18540
17835
21125
12206
13807
12122
18523
23052
20415
25039
14078
19844
25695
26195
26228
19652
20994
26429
13883
26442
14227
26443
26443
26443
22695
26784
26831
21613
15997
25778
28929
28853
19460
32743
32953
23083
25140
33002
33003
27643
18094
33003
33564
32071
34334
34396
34409
34427
29355
25568
32851
34427
31506
23193
36184
39546
26319
26838
35718
45434
27306
46985
48438
